060000020279000863000000000000904000603000204040235070030598010008000600500000008
000609000000050000608401209065000970031000540700000002000090000074000820100080007
009084000070100060003000805700605080400000007050407006205000700080003010000840600
009003500180702400000000002300050000700000003000040005800000000003609027006400800
120504086500086007000700000350000904010000070906000051000008000600470009730605048
061000000007602001009001576032807060000000000070306210256900800900203600000000190
470000095300804007000607000006105400003070100020406070207000508050040030000000000
902007030700900601060000000540090000009080500000060019000000020305008006020300804
000924037029005000040030000070000003095000680200000050000060040000100970580493000
001000000720800006060004801100209004400108007200605009905300070300007095000000100
002107300860304019000000000058000420020010090007000600600409003080000070500000006
009050800076809502050000009025080000080901060000070380700000050502704930004060700
003050700405000806067000520040107090008030100000904000000000000000293000800040003
000000000000010000080206050300000006690503078001908400006040700000000000205307804
000000054006030800200740000000500309080060020901007000000029001003070500670000000
800000007000010000000352000009060300000000000008207600201905704650000023030000080
000000040000004900610908000400000052027406890890000006000502078009700000030000000
053000420007508600008020900000050000200000004090784010104000807000000000002607100
004000500000024008095700006070060081050090040830070050900007860300940000007000200
006070021800000450000005600030008075000706000790100060004200000057000003260030700
830000047006301900000000000007508400900020005350000016460209071000070000028000590
083000450020050090600982003000030000001405300300627004000000000508000901060000030
000800400900415000056020008000000600703000209005000000300070140000946003002003000
020093000090007028000680000630000900409000302008000075000079000760300010000410030
039000680010000030600000009000070000040090050000851000002685400080030070006020500
000030000608900020005060019000020005480503061700040000570090200030002107000010000
300000006500000001090000040069503120070901050030406070007040300620010085000000000
000010000501742309000539000307000801100000006900000007000291000060307010002000700
000741000800000007020805010900103004050000030200050008030408070592000843000000000