000801000005064100060700080250000403090000070406000012010009020002570900000103000
900050003000697000000000000007805100020709050300000004200000009006000400409103608
001000400509030108600801002320000085400506007000000000800403001040000050900010004
900160200000009508001050906000687002000020000200391000506070800809500000007018004
000000000940301076800020003009706300081000960200000004000509000090040010005000400
084520000000007000306908000200600800065000740008005002000106508000200000000089230
600704005000000000900268001020000090004030200007000600060040050000020000300906004
306028010100300000040001060800000000200867003000000005030100070000002004050670208
200090003040807010030060050070305020002406500000000000700000008409000201000102000
700003801050087090800000000140802000070090010000105029000000006080710040605200007
009603004010700080400080003000000641005000200164000000600010002050002060300407500
040000060000635000003000100005409700004702600900000004000204000300010008016000570
300000020064500000000901604010007300700000001005800090501603000000002810080000002
000002708700004903020800100000080096000050000830040000003006010906400007502300000
060040030070090080001000500006102800100000002080304060700000006019060370000010000
009003000710000000800795300050009800207000906006500070005812009000000042000900600
100500009054007010000040070070010004003829700600050030020070000030400160500003007
000800000102040080006200307200160000309000102000029004605002900090050203000004000
009001300852030070300007000040920003090000040100074020000700002030050498004300700
200000056800000000040620000502480000100000005000095308000046070000000003470000001
008300009090000200100080047005094080400000002080560400850030004003000060200008900
910600803080003076300000000090030001000507000600040030000000007570300040203006018
012000000503000006060041020900000070050824090030000008090570040100000903000000580
000000009014500060706400000000005040609308107070600000000007508080004320100000000
010084092004000800503000000000090050000706000070030000000000109008000700190370080
070000020003000700100805009050030010002000400400060002004607500000010000010254060
000620030082005090530000060007098000100000003000140900050000019070200640010079000
000403100370090000600070009000000415009000700842000000100050002000060081006201000
200090004040608020009407100010030050090060010605000908054000690000203000000000000
000802300400000050007000129090405001001000500600903040534000700010000002002304000